23, 0, 0
38, 0, 0
102, 0, 0
113, 0, 0
128, 0, 0
146, 0, 0
160, 0, 0
225, 0, 0
238, 0, 0
255, 0, 0
0, 23, 0
0, 38, 0
0, 102, 0
0, 113, 0
0, 128, 0
0, 146, 0
0, 160, 0
0, 225, 0
0, 238, 0
0, 255, 0
0, 0, 23
0, 0, 38
0, 0, 102
0, 0, 113
0, 0, 128
0, 0, 146
0, 0, 160
0, 0, 225
0, 0, 238
0, 0, 255
0, 23, 23
0, 38, 38
0, 102, 102
0, 113, 113
0, 128, 128
0, 146, 146
0, 160, 160
0, 225, 225
0, 238, 238
0, 255, 255
23, 0, 23
38, 0, 38
102, 0, 102
113, 0, 113
128, 0, 128
146, 0, 146
160, 0, 160
225, 0, 225
238, 0, 238
255, 0, 255
23, 23, 0
38, 38, 0
102, 102, 0
113, 113, 0
128, 128, 0
146, 146, 0
160, 160, 0
225, 225, 0
238, 238, 0
255, 255, 0
0, 0, 0
15, 15, 15
32, 32, 32
95, 95, 95
113, 113, 113
128, 128, 128
135, 135, 135
143, 143, 143
176, 176, 176
184, 184, 184
192, 192, 192
199, 199, 199
204, 204, 204
239, 239, 239
247, 247, 247
255, 255, 255